1872-04-01,1872-02-24
1872-04-02,1872-02-25
1872-04-03,1872-02-26
1872-04-04,1872-02-27
1872-04-05,1872-02-28
1872-04-06,1872-02-29
1872-04-07,1872-02-30
1872-04-08,1872-03-01
1872-04-09,1872-03-02
1872-04-10,1872-03-03
1872-04-11,1872-03-04
1872-04-12,1872-03-05
1872-04-13,1872-03-06
1872-04-14,1872-03-07
1872-04-15,1872-03-08
1872-04-16,1872-03-09
1872-04-17,1872-03-10
1872-04-18,1872-03-11
1872-04-19,1872-03-12
1872-04-20,1872-03-13
1872-04-21,1872-03-14
1872-04-22,1872-03-15
1872-04-23,1872-03-16
1872-04-24,1872-03-17
1872-04-25,1872-03-18
1872-04-26,1872-03-19
1872-04-27,1872-03-20
1872-04-28,1872-03-21
1872-04-29,1872-03-22
1872-04-30,1872-03-23
