1756-03-01,1756-02-01
1756-03-02,1756-02-02
1756-03-03,1756-02-03
1756-03-04,1756-02-04
1756-03-05,1756-02-05
1756-03-06,1756-02-06
1756-03-07,1756-02-07
1756-03-08,1756-02-08
1756-03-09,1756-02-09
1756-03-10,1756-02-10
1756-03-11,1756-02-11
1756-03-12,1756-02-12
1756-03-13,1756-02-13
1756-03-14,1756-02-14
1756-03-15,1756-02-15
1756-03-16,1756-02-16
1756-03-17,1756-02-17
1756-03-18,1756-02-18
1756-03-19,1756-02-19
1756-03-20,1756-02-20
1756-03-21,1756-02-21
1756-03-22,1756-02-22
1756-03-23,1756-02-23
1756-03-24,1756-02-24
1756-03-25,1756-02-25
1756-03-26,1756-02-26
1756-03-27,1756-02-27
1756-03-28,1756-02-28
1756-03-29,1756-02-29
1756-03-30,1756-02-30
1756-03-31,1756-03-01
