1591-05-01,1591-03-09 (윤)
1591-05-02,1591-03-10 (윤)
1591-05-03,1591-03-11 (윤)
1591-05-04,1591-03-12 (윤)
1591-05-05,1591-03-13 (윤)
1591-05-06,1591-03-14 (윤)
1591-05-07,1591-03-15 (윤)
1591-05-08,1591-03-16 (윤)
1591-05-09,1591-03-17 (윤)
1591-05-10,1591-03-18 (윤)
1591-05-11,1591-03-19 (윤)
1591-05-12,1591-03-20 (윤)
1591-05-13,1591-03-21 (윤)
1591-05-14,1591-03-22 (윤)
1591-05-15,1591-03-23 (윤)
1591-05-16,1591-03-24 (윤)
1591-05-17,1591-03-25 (윤)
1591-05-18,1591-03-26 (윤)
1591-05-19,1591-03-27 (윤)
1591-05-20,1591-03-28 (윤)
1591-05-21,1591-03-29 (윤)
1591-05-22,1591-03-30 (윤)
1591-05-23,1591-04-01
1591-05-24,1591-04-02
1591-05-25,1591-04-03
1591-05-26,1591-04-04
1591-05-27,1591-04-05
1591-05-28,1591-04-06
1591-05-29,1591-04-07
1591-05-30,1591-04-08
1591-05-31,1591-04-09
