1449-11-01,1449-10-16
1449-11-02,1449-10-17
1449-11-03,1449-10-18
1449-11-04,1449-10-19
1449-11-05,1449-10-20
1449-11-06,1449-10-21
1449-11-07,1449-10-22
1449-11-08,1449-10-23
1449-11-09,1449-10-24
1449-11-10,1449-10-25
1449-11-11,1449-10-26
1449-11-12,1449-10-27
1449-11-13,1449-10-28
1449-11-14,1449-10-29
1449-11-15,1449-11-01
1449-11-16,1449-11-02
1449-11-17,1449-11-03
1449-11-18,1449-11-04
1449-11-19,1449-11-05
1449-11-20,1449-11-06
1449-11-21,1449-11-07
1449-11-22,1449-11-08
1449-11-23,1449-11-09
1449-11-24,1449-11-10
1449-11-25,1449-11-11
1449-11-26,1449-11-12
1449-11-27,1449-11-13
1449-11-28,1449-11-14
1449-11-29,1449-11-15
1449-11-30,1449-11-16
