1714-05-01,1714-03-18
1714-05-02,1714-03-19
1714-05-03,1714-03-20
1714-05-04,1714-03-21
1714-05-05,1714-03-22
1714-05-06,1714-03-23
1714-05-07,1714-03-24
1714-05-08,1714-03-25
1714-05-09,1714-03-26
1714-05-10,1714-03-27
1714-05-11,1714-03-28
1714-05-12,1714-03-29
1714-05-13,1714-03-30
1714-05-14,1714-04-01
1714-05-15,1714-04-02
1714-05-16,1714-04-03
1714-05-17,1714-04-04
1714-05-18,1714-04-05
1714-05-19,1714-04-06
1714-05-20,1714-04-07
1714-05-21,1714-04-08
1714-05-22,1714-04-09
1714-05-23,1714-04-10
1714-05-24,1714-04-11
1714-05-25,1714-04-12
1714-05-26,1714-04-13
1714-05-27,1714-04-14
1714-05-28,1714-04-15
1714-05-29,1714-04-16
1714-05-30,1714-04-17
1714-05-31,1714-04-18
