1922-06-01,1922-05-06
1922-06-02,1922-05-07
1922-06-03,1922-05-08
1922-06-04,1922-05-09
1922-06-05,1922-05-10
1922-06-06,1922-05-11
1922-06-07,1922-05-12
1922-06-08,1922-05-13
1922-06-09,1922-05-14
1922-06-10,1922-05-15
1922-06-11,1922-05-16
1922-06-12,1922-05-17
1922-06-13,1922-05-18
1922-06-14,1922-05-19
1922-06-15,1922-05-20
1922-06-16,1922-05-21
1922-06-17,1922-05-22
1922-06-18,1922-05-23
1922-06-19,1922-05-24
1922-06-20,1922-05-25
1922-06-21,1922-05-26
1922-06-22,1922-05-27
1922-06-23,1922-05-28
1922-06-24,1922-05-29
1922-06-25,1922-05-01 (윤)
1922-06-26,1922-05-02 (윤)
1922-06-27,1922-05-03 (윤)
1922-06-28,1922-05-04 (윤)
1922-06-29,1922-05-05 (윤)
1922-06-30,1922-05-06 (윤)
