1962-02-01,1962-03-06
1962-02-02,1962-03-07
1962-02-03,1962-03-08
1962-02-04,1962-03-09
1962-02-05,1962-03-10
1962-02-06,1962-03-11
1962-02-07,1962-03-12
1962-02-08,1962-03-13
1962-02-09,1962-03-14
1962-02-10,1962-03-15
1962-02-11,1962-03-16
1962-02-12,1962-03-17
1962-02-13,1962-03-18
1962-02-14,1962-03-19
1962-02-15,1962-03-20
1962-02-16,1962-03-21
1962-02-17,1962-03-22
1962-02-18,1962-03-23
1962-02-19,1962-03-24
1962-02-20,1962-03-25
1962-02-21,1962-03-26
1962-02-22,1962-03-27
1962-02-23,1962-03-28
1962-02-24,1962-03-29
1962-02-25,1962-03-30
1962-02-26,1962-03-31
1962-02-27,1962-04-01
1962-02-28,1962-04-02
1962-02-29,1962-04-03
1962-02-30,1962-04-04
