1853-02-01,1853-03-10
1853-02-02,1853-03-11
1853-02-03,1853-03-12
1853-02-04,1853-03-13
1853-02-05,1853-03-14
1853-02-06,1853-03-15
1853-02-07,1853-03-16
1853-02-08,1853-03-17
1853-02-09,1853-03-18
1853-02-10,1853-03-19
1853-02-11,1853-03-20
1853-02-12,1853-03-21
1853-02-13,1853-03-22
1853-02-14,1853-03-23
1853-02-15,1853-03-24
1853-02-16,1853-03-25
1853-02-17,1853-03-26
1853-02-18,1853-03-27
1853-02-19,1853-03-28
1853-02-20,1853-03-29
1853-02-21,1853-03-30
1853-02-22,1853-03-31
1853-02-23,1853-04-01
1853-02-24,1853-04-02
1853-02-25,1853-04-03
1853-02-26,1853-04-04
1853-02-27,1853-04-05
1853-02-28,1853-04-06
1853-02-29,1853-04-07
