1550-11-01,1550-12-08
1550-11-02,1550-12-09
1550-11-03,1550-12-10
1550-11-04,1550-12-11
1550-11-05,1550-12-12
1550-11-06,1550-12-13
1550-11-07,1550-12-14
1550-11-08,1550-12-15
1550-11-09,1550-12-16
1550-11-10,1550-12-17
1550-11-11,1550-12-18
1550-11-12,1550-12-19
1550-11-13,1550-12-20
1550-11-14,1550-12-21
1550-11-15,1550-12-22
1550-11-16,1550-12-23
1550-11-17,1550-12-24
1550-11-18,1550-12-25
1550-11-19,1550-12-26
1550-11-20,1550-12-27
1550-11-21,1550-12-28
1550-11-22,1550-12-29
1550-11-23,1550-12-30
1550-11-24,1550-12-31
1550-11-25,1551-01-01
1550-11-26,1551-01-02
1550-11-27,1551-01-03
1550-11-28,1551-01-04
1550-11-29,1551-01-05
1550-11-30,1551-01-06
