1953-03-01,1953-01-16
1953-03-02,1953-01-17
1953-03-03,1953-01-18
1953-03-04,1953-01-19
1953-03-05,1953-01-20
1953-03-06,1953-01-21
1953-03-07,1953-01-22
1953-03-08,1953-01-23
1953-03-09,1953-01-24
1953-03-10,1953-01-25
1953-03-11,1953-01-26
1953-03-12,1953-01-27
1953-03-13,1953-01-28
1953-03-14,1953-01-29
1953-03-15,1953-02-01
1953-03-16,1953-02-02
1953-03-17,1953-02-03
1953-03-18,1953-02-04
1953-03-19,1953-02-05
1953-03-20,1953-02-06
1953-03-21,1953-02-07
1953-03-22,1953-02-08
1953-03-23,1953-02-09
1953-03-24,1953-02-10
1953-03-25,1953-02-11
1953-03-26,1953-02-12
1953-03-27,1953-02-13
1953-03-28,1953-02-14
1953-03-29,1953-02-15
1953-03-30,1953-02-16
1953-03-31,1953-02-17
