1821-04-01,1821-05-02
1821-04-02,1821-05-03
1821-04-03,1821-05-04
1821-04-04,1821-05-05
1821-04-05,1821-05-06
1821-04-06,1821-05-07
1821-04-07,1821-05-08
1821-04-08,1821-05-09
1821-04-09,1821-05-10
1821-04-10,1821-05-11
1821-04-11,1821-05-12
1821-04-12,1821-05-13
1821-04-13,1821-05-14
1821-04-14,1821-05-15
1821-04-15,1821-05-16
1821-04-16,1821-05-17
1821-04-17,1821-05-18
1821-04-18,1821-05-19
1821-04-19,1821-05-20
1821-04-20,1821-05-21
1821-04-21,1821-05-22
1821-04-22,1821-05-23
1821-04-23,1821-05-24
1821-04-24,1821-05-25
1821-04-25,1821-05-26
1821-04-26,1821-05-27
1821-04-27,1821-05-28
1821-04-28,1821-05-29
1821-04-29,1821-05-30
