1577-07-01,1577-07-15
1577-07-02,1577-07-16
1577-07-03,1577-07-17
1577-07-04,1577-07-18
1577-07-05,1577-07-19
1577-07-06,1577-07-20
1577-07-07,1577-07-21
1577-07-08,1577-07-22
1577-07-09,1577-07-23
1577-07-10,1577-07-24
1577-07-11,1577-07-25
1577-07-12,1577-07-26
1577-07-13,1577-07-27
1577-07-14,1577-07-28
1577-07-15,1577-07-29
1577-07-16,1577-07-30
1577-07-17,1577-07-31
1577-07-18,1577-08-01
1577-07-19,1577-08-02
1577-07-20,1577-08-03
1577-07-21,1577-08-04
1577-07-22,1577-08-05
1577-07-23,1577-08-06
1577-07-24,1577-08-07
1577-07-25,1577-08-08
1577-07-26,1577-08-09
1577-07-27,1577-08-10
1577-07-28,1577-08-11
1577-07-29,1577-08-12
1577-07-30,1577-08-13
