1536-02-01,1536-02-21
1536-02-02,1536-02-22
1536-02-03,1536-02-23
1536-02-04,1536-02-24
1536-02-05,1536-02-25
1536-02-06,1536-02-26
1536-02-07,1536-02-27
1536-02-08,1536-02-28
1536-02-09,1536-02-29
1536-02-10,1536-03-01
1536-02-11,1536-03-02
1536-02-12,1536-03-03
1536-02-13,1536-03-04
1536-02-14,1536-03-05
1536-02-15,1536-03-06
1536-02-16,1536-03-07
1536-02-17,1536-03-08
1536-02-18,1536-03-09
1536-02-19,1536-03-10
1536-02-20,1536-03-11
1536-02-21,1536-03-12
1536-02-22,1536-03-13
1536-02-23,1536-03-14
1536-02-24,1536-03-15
1536-02-25,1536-03-16
1536-02-26,1536-03-17
1536-02-27,1536-03-18
1536-02-28,1536-03-19
1536-02-29,1536-03-20
1536-02-30,1536-03-21
