1907-04-01,1907-05-12
1907-04-02,1907-05-13
1907-04-03,1907-05-14
1907-04-04,1907-05-15
1907-04-05,1907-05-16
1907-04-06,1907-05-17
1907-04-07,1907-05-18
1907-04-08,1907-05-19
1907-04-09,1907-05-20
1907-04-10,1907-05-21
1907-04-11,1907-05-22
1907-04-12,1907-05-23
1907-04-13,1907-05-24
1907-04-14,1907-05-25
1907-04-15,1907-05-26
1907-04-16,1907-05-27
1907-04-17,1907-05-28
1907-04-18,1907-05-29
1907-04-19,1907-05-30
1907-04-20,1907-05-31
1907-04-21,1907-06-01
1907-04-22,1907-06-02
1907-04-23,1907-06-03
1907-04-24,1907-06-04
1907-04-25,1907-06-05
1907-04-26,1907-06-06
1907-04-27,1907-06-07
1907-04-28,1907-06-08
1907-04-29,1907-06-09
1907-04-30,1907-06-10
